0.5249999 -0.45000005
0.5249999 -0.45000005
0.52438533 -0.44968238
0.5231664 -0.44910756
0.52481854 -0.45009488
0.53844273 -0.45702285
0.53844273 -0.45702285
0.5654487 -0.47044778
0.5654487 -0.47044778
0.5654487 -0.47044778
0.59700745 -0.48587576
0.60205424 -0.4879767
0.60205424 -0.4879767
0.60947675 -0.49140802
0.61927605 -0.49603248
0.61927605 -0.49603248
0.6287195 -0.50078976
0.63529754 -0.50400996
0.63529754 -0.50400996
0.6421125 -0.5075205
0.6498567 -0.51162446
0.65957206 -0.5170271
0.65957206 -0.5170271
0.6708112 -0.5235069
0.67994404 -0.5290454
0.68729556 -0.5333864
0.6940533 -0.5376153
0.7001766 -0.5414654
0.7001766 -0.5414654
0.704698 -0.5440056
0.70792544 -0.54580647
0.70792544 -0.54580647
0.7155901 -0.55085534
0.7155901 -0.55085534
0.72305465 -0.5561543
0.73022616 -0.5615987
0.73022616 -0.5615987
0.73422635 -0.564873
0.7373575 -0.5675881
0.742563 -0.57162017
0.74269974 -0.57158524
0.74269974 -0.57158524
0.74903816 -0.57627803
0.74903816 -0.57627803
0.7597602 -0.58424294
0.7647611 -0.5876094
0.77256626 -0.59325093
0.77256626 -0.59325093
0.781249 -0.59980273
0.79606587 -0.61163056
0.79606587 -0.61163056
0.80636394 -0.6199507
0.81106454 -0.62420243
0.81106454 -0.62420243
0.81384164 -0.6272118
0.8144065 -0.6281074
0.8144065 -0.6281074
0.8145712 -0.62838805
0.8145633 -0.6284349
0.8145633 -0.6284349
0.8145633 -0.6284349
0.8153879 -0.62942207
0.81767213 -0.631262
0.81767213 -0.631262
0.82122356 -0.6343798
0.8298408 -0.64234465
0.8298408 -0.64234465
0.8352766 -0.64746517
0.83975756 -0.65194553
0.83975756 -0.65194553
0.8435858 -0.656016
0.84699774 -0.6597694
0.85178745 -0.66485226
0.85178745 -0.66485226
0.85918397 -0.6715647
0.86913586 -0.6791953
0.86913586 -0.6791953
0.87841386 -0.6857389
0.8849126 -0.6904276
0.89083576 -0.6945874
0.89083576 -0.6945874
0.9094261 -0.70529455
0.9221858 -0.7108369
0.9221858 -0.7108369
0.9333914 -0.7152212
0.94095355 -0.71836334
0.9507556 -0.72110665
0.97155935 -0.72622067
0.9774028 -0.72762316
0.9826039 -0.72898924
0.98777914 -0.73034275
0.9928047 -0.7315229
0.9965037 -0.7323514
0.9965037 -0.7323514
1.0014291 -0.73309577
1.0058949 -0.7336915
1.0058949 -0.7336915
1.0098451 -0.7341701
1.0150331 -0.7347089
1.0198896 -0.7352916
1.0198896 -0.7352916
1.0275385 -0.7359036
1.0275385 -0.7359036
1.034369 -0.736217
1.0361068 -0.73636353
1.0378579 -0.73628974
1.0417683 -0.73578167
1.045099 -0.73544145
1.0472497 -0.735417
1.0478332 -0.73523414
1.0507095 -0.7347161
1.0545539 -0.73382276
1.0545539 -0.73382276
1.0604827 -0.7314628
1.0604827 -0.7314628
1.063066 -0.72996765
1.0660636 -0.72814053
1.0660636 -0.72814053
1.0748284 -0.72352684
1.0748284 -0.72352684
1.0780551 -0.7215905
1.0817257 -0.71976167
1.0817257 -0.71976167
1.0859121 -0.71787345
1.0895722 -0.71625745
1.0895722 -0.71625745
1.0935377 -0.714753
1.0979435 -0.71321994
1.0979435 -0.71321994
1.1024206 -0.7119599
1.1055487 -0.71121454
1.1079068 -0.7107786
1.1079068 -0.7107786
1.1119039 -0.7104479
1.117278 -0.7100687
1.117278 -0.7100687
1.1341028 -0.70964587
1.1421312 -0.7098931
1.1495031 -0.71004343
1.1495031 -0.71004343
1.1547225 -0.71003056
1.162927 -0.70954734
1.1731851 -0.7087768
1.1847217 -0.7086187
1.2021526 -0.710652
1.2021526 -0.710652
1.2143131 -0.71249324
1.2242655 -0.715124
1.2353352 -0.71858186
1.2353352 -0.71858186
1.2441627 -0.72169966
1.2556399 -0.7258601
1.2783579 -0.7364532
1.2991226 -0.74732864
1.2991226 -0.74732864
1.3049611 -0.75050867
1.3079963 -0.7518617
1.3091066 -0.7520838
1.3091066 -0.7520838
1.3113956 -0.75323
1.3133698 -0.7541699
1.3133698 -0.7541699
1.3160102 -0.7557007
1.3215629 -0.7592105
1.3215629 -0.7592105
1.3283632 -0.7638022
1.3347738 -0.76861405
1.3347738 -0.76861405
1.340941 -0.7734749
1.340941 -0.7734749
1.3483875 -0.7795563
1.3587656 -0.7877881
1.3587656 -0.7877881
1.3719041 -0.79774964
1.3999087 -0.81727755
1.4139886 -0.82653344
1.4139886 -0.82653344
1.429101 -0.8357255
1.4427752 -0.84384453
1.4533763 -0.8500351
1.4608307 -0.8543641
1.4608307 -0.8543641
1.4669346 -0.8579507
1.4729989 -0.8617495
1.4729989 -0.8617495
1.4786351 -0.86553943
1.4856303 -0.8701905
1.4921529 -0.8745059
1.4975641 -0.8782489
1.5046566 -0.8827821
1.5111743 -0.8868526
1.5111743 -0.8868526
1.5200242 -0.89210004
1.5251961 -0.89460546
1.5307853 -0.89717734
1.5357803 -0.8995426
1.5412788 -0.9018056
1.5412788 -0.9018056
1.546621 -0.9038455
1.5566224 -0.90761125
1.5611122 -0.90910023
1.564698 -0.9101958
1.5672355 -0.9109748
1.56937 -0.91156065
1.5700659 -0.9113617
1.5700659 -0.9113617
1.5707039 -0.91144115
1.5724336 -0.91176873
1.5724336 -0.91176873
1.5764754 -0.91243523
1.5799572 -0.91301167
1.5799572 -0.91301167
1.5842874 -0.9133688
1.5918361 -0.91371185
1.5918361 -0.91371185
1.5995756 -0.9137967
1.6076796 -0.91419804
1.6088209 -0.91441697
1.6088209 -0.91441697
1.6100963 -0.9144368
1.610583 -0.9140655
1.6127064 -0.913345
1.6137064 -0.9129902
1.6158359 -0.91297805
1.6158359 -0.91297805
1.6224886 -0.9131893
1.6304878 -0.9131504
1.6304878 -0.9131504
1.6494745 -0.91231126
1.657201 -0.91224575
1.6616933 -0.91243523
1.6647737 -0.9126016
1.6669092 -0.9127983
1.6669092 -0.9127983
1.6756697 -0.9123558
1.6829278 -0.91106385
1.6829278 -0.91106385
1.692086 -0.9096715
1.692086 -0.9096715
1.6943718 -0.9094102
1.6943718 -0.9094102
1.6943121 -0.90945446
1.6943026 -0.90946686
1.6949494 -0.90926933
1.6949494 -0.90926933
1.6965847 -0.9089432
1.6979816 -0.90893173
1.6995087 -0.90870464
1.6995087 -0.90870464
1.7032931 -0.90782213
1.7098997 -0.9056937
1.7098997 -0.9056937
1.716429 -0.9034176
1.716429 -0.9034176
1.7205967 -0.9022341
1.7254274 -0.90054023
1.7296429 -0.8989352
1.7314227 -0.8984855
1.7323278 -0.8983081
1.7323278 -0.8983081
1.7323711 -0.89834595
1.7323542 -0.8983709
1.7323542 -0.8983709
1.7339054 -0.8975499
1.7339054 -0.8975499
1.7383337 -0.89509714
1.7423294 -0.89296687
1.835755E-35 -4.9591736E-16
1.7487541 -0.88972867
1.7508981 -0.8885005
1.7508981 -0.8885005
1.7513657 -0.8884616
1.7513373 -0.8884985
1.7529497 -0.88766193
1.7529497 -0.88766193
1.759557 -0.8842503
1.759557 -0.8842503
1.7729275 -0.8772812
1.7729275 -0.8772812
1.7968788 -0.86198825
1.8172001 -0.848014
1.8172001 -0.848014
1.8281882 -0.8403317
1.8331264 -0.8368449
1.8331264 -0.8368449
1.8374536 -0.834105
1.8478453 -0.8272748
1.8537171 -0.82375544
1.8597625 -0.81949824
1.8671188 -0.813789
1.875602 -0.8058427
1.875602 -0.8058427
1.8877733 -0.79038316
1.8975601 -0.77515465
1.9036753 -0.7652117
1.9036753 -0.7652117
1.9059858 -0.76052433
1.9085653 -0.755379
1.9085653 -0.755379
1.9109999 -0.7502435
1.9130509 -0.74567693
1.9145489 -0.7421824
1.9161508 -0.7383937
1.9161508 -0.7383937
1.9176168 -0.7340987
1.9188827 -0.73033184
1.9188827 -0.73033184
1.9203905 -0.7244977
1.9219742 -0.7157151
1.9219742 -0.7157151
1.9232922 -0.70751107
1.9242165 -0.69839203
1.9242165 -0.69839203
1.924908 -0.6875162
1.9249628 -0.6767319
1.9249628 -0.6767319
1.924621 -0.6665987
1.924621 -0.6665987
1.9237633 -0.65496737
1.9225729 -0.63963664
1.9225729 -0.63963664
1.9198147 -0.60094154
1.9178623 -0.57071984
1.917202 -0.56160986
1.917202 -0.56160986
1.9155369 -0.5356192
1.9155369 -0.5356192
1.9137436 -0.4988938
1.9137436 -0.4988938
1.9124721 -0.47288004
1.9122941 -0.4600107
1.9122941 -0.4600107
1.912232 -0.4452079
1.9119146 -0.42819843
1.9119146 -0.42819843
1.9112637 -0.4134515
1.9106295 -0.40124553
1.9106295 -0.40124553
1.9094632 -0.38761044
1.9082725 -0.37446594
1.9070046 -0.36351076
1.9059088 -0.35512096
1.9059088 -0.35512096
1.9047401 -0.3462419
1.9027694 -0.333657
1.9007791 -0.32143056
1.9007791 -0.32143056
1.9007791 -0.32143056
1.8983864 -0.3074562
1.8962667 -0.29475623
1.8962667 -0.29475623
1.8956566 -0.28785512
1.8957411 -0.28735328
1.8955082 -0.28550166
1.8944547 -0.28033528
1.8944547 -0.28033528
1.8931509 -0.27363592
1.8919274 -0.26932898
1.8919274 -0.26932898
1.8916305 -0.26856545
1.8910986 -0.2666766
1.8910986 -0.2666766
1.8900602 -0.2632161
1.8893598 -0.26157957
1.8890512 -0.26127106
1.8890088 -0.26131806
1.8888881 -0.26082057
1.8888881 -0.26082057
1.8883594 -0.2596311
1.8878286 -0.25867382
1.8877423 -0.25851497
1.8877472 -0.25851318
1.8877468 -0.258519
1.8877579 -0.25854093
1.8875014 -0.25800005
1.8875014 -0.25800005
1.8872484 -0.25703284
1.8858083 -0.24978085
1.8858083 -0.24978085
1.8830149 -0.23869824
1.8786514 -0.21925256
1.8786514 -0.21925256
1.8774126 -0.21442454
1.8768002 -0.21238475
1.8764379 -0.21160153
1.8763767 -0.21157297
1.8763767 -0.21157297
1.8761803 -0.20962024
1.8755461 -0.20396319
1.8737587 -0.19128028
1.8729403 -0.18822064
1.8729403 -0.18822064
1.8712835 -0.18317136
1.8712835 -0.18317136
1.8684734 -0.17323662
1.8684734 -0.17323662
1.8662037 -0.16367067
1.8662037 -0.16367067
1.8646151 -0.15475295
1.8646151 -0.15475295
1.8640444 -0.15018874
1.8634794 -0.14624806
1.8630552 -0.14339663
1.8629656 -0.14034984
1.8629656 -0.14034984
1.8629545 -0.1362404
1.862862 -0.1323249
1.862862 -0.1323249
1.8629462 -0.12918757
1.8629097 -0.12737224
1.8629097 -0.12737224
1.8628645 -0.12615295
1.8634382 -0.123876646
1.8634382 -0.123876646
1.8648154 -0.11901933
1.8648154 -0.11901933
1.8665106 -0.113035835
1.8684887 -0.10731975
1.8684887 -0.10731975
1.8708578 -0.102053724
1.873711 -0.09471821
1.873711 -0.09471821
1.8776672 -0.085150525
1.8789692 -0.08327844
1.8789692 -0.08327844
1.8805392 -0.07954708
1.8818287 -0.07604682
1.8818287 -0.07604682
1.8822689 -0.075474456
1.8825382 -0.07504443
1.8830932 -0.07218709
1.8830932 -0.07218709
1.8847069 -0.06570255
1.8867573 -0.057890832
1.8867573 -0.057890832
1.8878965 -0.05237017
1.8884653 -0.04862774
1.8888652 -0.044781275
1.8888652 -0.044781275
1.8891045 -0.040701576
1.8891045 -0.040701576
1.8897717 -0.032807156
1.8905957 -0.025253842
1.8905957 -0.025253842
1.8913082 -0.02087704
1.892154 -0.01650232
1.893153 -0.01210855
1.8943396 -0.0077316957
1.8943396 -0.0077316957
1.8956646 -0.0033583567
1.8971475 9.860357E-4
1.8987793 0.005285385
1.8987793 0.005285385
1.9059572 0.01856567
1.9101508 0.025336271
1.9125252 0.02961601
1.9125252 0.02961601
1.9170148 0.035498906
1.9226749 0.042511486
1.9226749 0.042511486
1.9299784 0.050782394
1.9369221 0.05841043
1.9369221 0.05841043
1.9407711 0.063110664
1.9466178 0.06870326
1.9523427 0.07406986
1.9523427 0.07406986
1.9556806 0.07751915
1.9628971 0.08421715
1.9739218 0.09127839
1.9739218 0.09127839
1.9789698 0.09423099
1.9791687 0.09436597
1.9796379 0.09459517
1.9796379 0.09459517
1.9821771 0.09613268
-2.0142968E33 8.7460235E18
1.9853506 0.097993396
1.9853506 0.097993396
1.9873025 0.09847063
1.9893715 0.09914379
1.992837 0.10034279
1.9980116 0.10220851
2.0064547 0.10555793
2.0064547 0.10555793
2.0183043 0.10993083
2.029744 0.11428504
