0 -1
1 -1
2 -1
3 0
4 155876
5 312500
6 155876
7 155876
8 155876
9 12500
10 155877
11 155876
12 140252
13 0
14 312500
15 390615
16 13125
17 378124
18 140377
19 46812
20 46781
21 318750
22 378124
23 12500
24 124751
25 124751
26 78124
27 124777
28 124777
29 46862
30 124901
31 124776
32 109152
33 312500
34 312500
35 312500
36 78124
37 109151
38 78124
39 312500
40 78124
41 12500
42 124776
43 46862
44 78124
45 124901
46 29281
47 319500
48 325500
49 78124
50 -1
51 46862
52 109176
53 109176
54 29281
55 109301
56 78000
57 31051
58 371030
59 312500
60 315624
61 109176
62 31051
63 315620
64 316375
65 12500
66 124801
67 78124
68 390500
69 78124
70 46801
71 -1
72 377524
73 78124
74 62401
75 315024
76 78124
77 156026
78 78124
79 325000
80 78124
81 78124
82 389650
83 62520
84 385750
85 18874
86 328249
87 312810
88 363125
89 78124
90 312500
91 312500
92 312500
93 3100
94 312500
95 312500
96 328124
97 346919
98 15622
99 346894
