0 1.0 1.0 1.0 1.0 1.0 1.0 1.0 1.0
1 1.0 1.0 1.0 1.0 1.0 1.0 1.0 1.0
2 1.0 1.0 1.0 1.0 1.0 1.0 1.0 1.0
3 1.0 1.0 1.0 1.0 1.0 1.0 1.0 1.0
4 1.0 1.0 1.0 1.0 1.0 1.0 1.0 1.0
5 1.0 1.0 1.0 1.0 1.0 1.0 1.0 1.0
6 1.0 1.0 1.0 1.0 1.0 1.0 1.0 1.0
7 1.0 1.0 1.0 1.0 1.0 1.0 1.0 1.0
8 1.0 1.0 1.0 1.0 1.0 1.0 1.0 1.0
9 1.0 1.0 1.0 1.0 1.0 1.0 1.0 1.0
10 1.0 1.0 1.0 1.0 1.0 1.0 1.0 1.0
11 1.0 1.0 1.0 1.0 1.0 1.0 1.0 1.0
12 1.8130987 1.8131132 1.8131247 1.8131328 1.8131375 1.8131392 1.4065688 1.4065664
13 1.7734861 1.7734969 1.7735047 1.7735093 1.7735109 1.386769 1.3867524 1.3867486
14 1.8131466 1.813158 1.8131661 1.8131709 1.8131726 1.4065855 1.4065831 1.406579
15 1.8548374 1.8548496 1.8548579 1.8548632 1.8548648 1.4274316 1.427429 1.4274247
16 1.6998358 1.6998539 1.6998694 1.699882 1.6998918 1.6998843 1.6998886 1.6998899
17 1.6998372 1.6998553 1.6998708 1.6998835 1.6998932 1.6999002 1.6999044 1.6999056
18 1.6999056 1.3499674 1.3499652 1.3499618 1.3499569 1.3499506 1.3499428 1.3499337
19 1.6024144 1.3012066 1.3012048 1.3012018 1.3011975 1.3011922 1.3011855 1.3011777
20 1.6024144 1.3012066 1.3012048 1.3012018 1.3011975 1.3011922 1.3011855 1.3011777
21 1.4691598 1.2345794 1.2345781 1.2345757 1.2345724 1.2345682 1.2345631 1.2345569
22 1.5416441 1.3185055 1.3185055 1.3185042 1.3185017 1.3184978 1.3184928 1.3184863
23 1.5799177 1.5799217 1.5799333 1.5799422 1.5799491 1.5799534 1.5799557 1.5799555
24 1.6558335 1.6558495 1.6558625 1.6558728 1.6558807 1.6558859 1.6558887 1.6558886
25 1.6292562 1.6292713 1.6292838 1.6292937 1.6293013 1.6293063 1.6293087 1.6293087
26 1.7497532 1.7497652 1.749774 1.7497799 1.7497828 1.4331465 1.4331453 1.4331424
27 1.7497585 1.7497704 1.7497792 1.7497852 1.749788 1.4331381 1.4331369 1.433134
28 1.7440872 1.7440958 1.7441015 1.7441041 1.7441039 1.4274516 1.4274471 1.4274411
29 1.805283 1.8052925 1.8052988 1.805302 1.8053017 1.4553486 1.4553441 1.4553379
30 1.7286541 1.7286627 1.7286685 1.7286713 1.7286713 1.4120185 1.4120145 1.4120088
31 1.9550928 1.9551046 1.9551125 1.9551167 1.955117 1.5276858 1.527681 1.5276742
32 1.781972 1.7819817 1.781988 1.7819915 1.7819917 1.4320366 1.4320327 1.4320271
33 1.6766645 1.676675 1.6766826 1.6766875 1.6766897 1.3754827 1.3754814 1.3754785
34 1.7239916 1.7240028 1.724011 1.7240164 1.7240192 1.4073696 1.4073682 1.4073652
35 1.6510923 1.6511022 1.6511097 1.6511147 1.6511168 1.3646004 1.3645991 1.3645964
36 1.6047802 1.6047888 1.6047947 1.6047983 1.6047996 1.3455474 1.3455453 1.345542
37 1.5169165 1.5169238 1.5169289 1.516932 1.516933 1.2937931 1.2937913 1.2937884
38 1.4951525 1.4951595 1.4951645 1.4951675 1.4951683 1.2829106 1.282909 1.2829062
39 1.4744473 1.474454 1.4744588 1.4744616 1.4744626 1.2725576 1.2725561 1.2725533
40 1.3319101 1.3319148 1.3319181 1.3319201 1.3319206 1.1896405 1.1896393 1.1896374
41 1.3153172 1.3153216 1.3153247 1.3153265 1.3153273 1.1865864 1.1865852 1.1865834
42 1.3368893 1.336894 1.3368975 1.3368994 1.3369 1.1946206 1.1946195 1.1946175
43 1.3464983 1.3465031 1.3465066 1.3465087 1.3465092 1.1969348 1.1969335 1.1969316
44 1.3003253 1.3003294 1.3003325 1.3003342 1.300335 1.1715941 1.1715931 1.1715913
45 1.3441885 1.3441933 1.3441968 1.3441988 1.3441994 1.1946249 1.1946237 1.1946218
46 1.2817991 1.2818029 1.2818059 1.2818075 1.281808 1.1593461 1.1593451 1.1593435
47 1.2908442 1.2908483 1.2908512 1.290853 1.2908536 1.1621139 1.1621128 1.1621112
48 1.3179238 1.3179283 1.3179315 1.3179334 1.3179339 1.175654 1.175653 1.1756512
49 1.3162953 1.3162998 1.316303 1.3163048 1.3163054 1.1740258 1.1740248 1.174023
