0 0.0 0.0 0.0 0.0 0.0 0.0 0.0 0.0
1 0.422 0.09252176 0.04626088 0.03153622 0.023652166 0.42866912 0.4284348 0.38111252
2 1.4219999 1.0925218 91.046265 1.0315508 182.02367 91.42882 1.4284276 1.3811063
3 1.4219999 1.0925218 1.0462608 1.0315508 1.023663 1.4288149 1.4284276 1.3811063
4 1.4219999 1.0925218 1.0462608 1.0315508 1.023663 1.4288149 1.4284276 182.3811
5 1.4219999 1.0925218 1.0462608 1.0315508 1.023663 1.4288149 1.4284276 1.3811063
6 182.422 1.0924783 1.0462391 1.0315362 1.0236522 1.4288223 1.4284348 1.3811126
7 1.4219999 1.0924783 182.04623 1.0315508 182.02367 1.4288223 1.4284348 1.3811126
8 182.422 1.0924348 1.0462174 1.0315362 1.0236522 1.4288297 1.428442 182.38112
9 182.422 1.0923914 1.0461956 1.0315217 1.0236413 1.4288371 1.4284493 1.381125
10 1.4219999 1.0923914 1.0461956 1.0315217 1.0236413 1.4288371 91.42845 182.38113
11 1.4219999 1.0923914 1.0461956 1.0315217 1.0236413 1.4288371 1.4284493 1.3811313
12 1.4219999 1.0923914 1.0461956 1.0315217 182.02364 1.4288445 1.4284565 1.3811375
13 1.4219999 1.0923914 1.0461956 1.0315217 1.0236413 1.4288445 1.4284565 1.3811375
14 1.4219999 1.0923914 1.0461956 1.0315217 1.0236413 1.4288445 1.4284565 1.3811375
15 1.4219999 1.0923914 1.0461956 1.0315217 1.0236413 1.4288445 1.4284565 1.3811375
16 1.4219999 1.0923914 1.0461956 1.0315217 1.0236413 1.4288445 1.4284565 182.38113
17 1.4219999 1.0923914 1.0461956 1.0315217 1.0236413 1.4288445 1.4284565 1.3811375
18 1.4219999 1.0923914 91.046196 1.0315362 1.0236522 1.4288371 1.4284493 91.381134
19 1.4219999 1.0923914 1.0461956 1.0315362 182.02365 1.4288445 1.4284565 1.3811375
20 60.422 1.0922608 1.0461304 1.0314927 1.0236195 1.4288666 1.4284782 1.3811562
21 1.4219999 1.0922608 1.0461304 1.0314927 1.0236195 1.4288666 1.4284782 182.38115
22 182.422 1.0922174 91.04611 1.0314927 1.0236195 1.4288666 1.4284782 91.38116
23 1.4219999 1.0922174 1.0461087 1.0314927 1.0236195 182.42903 1.4284711 1.38115
24 1.4219999 1.0922174 1.0461087 1.0314927 1.0236195 1.4290373 1.4284711 1.38115
25 1.4219999 1.0922174 1.0461087 1.0314927 182.02362 1.4290447 1.4284782 1.3811562
26 1.4219999 1.0922174 1.0461087 1.0314927 1.0236195 1.4290447 1.4284782 182.38115
27 1.4219999 1.0922174 91.04611 1.0315073 1.0236304 1.4290373 1.4284711 91.38115
28 1.4219999 1.0922174 1.0461087 1.0315073 1.0236304 1.4290373 1.4284711 1.38115
29 91.422 1.0921739 1.046087 1.0314927 91.02362 1.4290522 1.4284855 1.3811625
30 91.422 1.092087 182.04605 1.0314783 1.0236087 1.4290597 1.4284928 1.3811687
31 182.422 1.0920435 1.0460217 1.0314637 1.0235978 1.4290671 1.4284999 182.38118
32 182.422 1.092087 91.04604 1.0314637 1.0235978 1.4290671 1.4284999 91.38117
33 91.422 1.0921739 1.046087 1.0314927 1.0236195 1.4290522 1.4284855 1.3811625
34 1.4219999 1.0921739 182.04608 1.0314783 1.0236087 1.4290597 1.4284928 1.3811687
35 1.4219999 1.0921739 1.046087 1.0314783 1.0236087 1.4290597 1.4284928 1.3811687
36 182.422 1.0922174 1.0461087 1.0314927 1.0236195 1.4290522 1.4284855 1.3811625
37 1.4219999 1.0922174 182.04611 1.0314783 1.0236087 1.4290597 1.4284928 1.3811687
38 1.4219999 1.0922174 60.04611 1.0314637 60.023598 1.4290746 1.4285072 60.38118
39 1.4219999 1.0922174 91.04611 1.0314493 1.023587 1.4290822 1.4285145 91.38119
