0 1.0 1.0 91.0 1.0 182.0 91.0 1.0 1.0
1 1.0 1.0 1.0 1.0 1.0 1.0 1.0 1.0
2 1.0 1.0 1.0 1.0 1.0 1.0 1.0 182.0
3 1.0 1.0 1.0 1.0 1.0 1.0 1.0 1.0
4 182.0 1.0 1.0 1.0 1.0 1.0 1.0 1.0
5 1.0 1.0 182.0 1.0 182.0 1.0 1.0 1.0
6 182.0 1.0 1.0 1.0 1.0 1.0 1.0 182.0
7 182.0 1.0 1.0 1.0 1.0 1.0 1.0 1.0
8 1.0 1.0 1.0 1.0 1.0 1.0 91.0 182.0
9 1.0 1.0 1.0 1.0 1.0 1.0 1.0 1.0
10 1.0 1.0 1.0 1.0 182.0 1.0 1.0 1.0
11 1.0 1.0 1.0 1.0 1.0 1.0 1.0 1.0
12 1.0 1.0 1.0 1.0 1.0 1.0 1.0 1.0
13 1.0 1.0 1.0 1.0 1.0 1.0 1.0 1.0
14 1.0 1.0 1.0 1.0 1.0 1.0 1.0 182.0
15 1.0 1.0 1.0 1.0 1.0 1.0 1.0 1.0
16 1.0 1.0 91.0 1.0 1.0 1.0 1.0 91.0
17 1.0 1.0 1.0 1.0 182.0 1.0 1.0 1.0
18 60.0 1.0 1.0 1.0 1.0 1.0 1.0 1.0
19 1.0 1.0 1.0 1.0 1.0 1.0 1.0 182.0
20 182.0 1.0 91.0 1.0 1.0 1.0 1.0 91.0
21 1.0 1.0 1.0 1.0 1.0 182.0 1.0 1.0
22 1.0 1.0 1.0 1.0 1.0 1.0 1.0 1.0
23 1.0 1.0 1.0 1.0 182.0 1.0 1.0 1.0
24 1.0 1.0 1.0 1.0 1.0 1.0 1.0 182.0
25 1.0 1.0 91.0 1.0 1.0 1.0 1.0 91.0
26 1.0 1.0 1.0 1.0 1.0 1.0 1.0 1.0
27 91.0 1.0 1.0 1.0 91.0 1.0 1.0 1.0
28 91.0 1.0 182.0 1.0 1.0 1.0 1.0 1.0
29 182.0 1.0 1.0 1.0 1.0 1.0 1.0 182.0
30 182.0 1.0 91.0 1.0 1.0 1.0 1.0 91.0
31 91.0 1.0 1.0 1.0 1.0 1.0 1.0 1.0
32 1.0 1.0 182.0 1.0 1.0 1.0 1.0 1.0
33 1.0 1.0 1.0 1.0 1.0 1.0 1.0 1.0
34 182.0 1.0 1.0 1.0 1.0 1.0 1.0 1.0
35 1.0 1.0 182.0 1.0 1.0 1.0 1.0 1.0
36 1.0 1.0 60.0 1.0 60.0 1.0 1.0 60.0
37 1.0 1.0 91.0 1.0 1.0 1.0 1.0 91.0
