0 0.0 0.0 0.0 0.0 0.0 0.0 0.0 0.0
1 0.0 0.0 0.0 0.0 0.0 0.0 0.0 0.0
2 0.422 0.09252176 0.04626088 0.03153622 0.023652166 0.42866912 0.4284348 0.38111252
3 1.4219999 1.0925218 91.046265 1.0315508 182.02367 91.42882 1.4284276 1.3811063
4 1.4219999 1.0925218 91.046265 1.0315508 182.02367 91.42882 1.4284276 1.3811063
5 1.4219999 1.0925218 1.0462608 1.0315508 1.023663 1.4288149 1.4284276 1.3811063
6 1.4219999 1.0925218 1.0462608 1.0315508 1.023663 1.4288149 1.4284276 182.3811
7 1.4219999 1.0925218 1.0462608 1.0315508 1.023663 1.4288149 1.4284276 1.3811063
8 182.422 1.0924783 1.0462391 1.0315362 1.0236522 1.4288223 1.4284348 1.3811126
9 182.422 1.0924783 1.0462391 1.0315362 1.0236522 1.4288223 1.4284348 1.3811126
10 1.4219999 1.0924783 182.04623 1.0315508 182.02367 1.4288223 1.4284348 1.3811126
11 182.422 1.0924348 1.0462174 1.0315362 1.0236522 1.4288297 1.428442 182.38112
12 182.422 1.0923914 1.0461956 1.0315217 1.0236413 1.4288371 1.4284493 1.381125
13 2.578226 1.9806292 1.8968831 1.8702857 1.8560026 2.5906806 128.6004 256.53116
14 2.521897 1.9373527 1.8554329 1.8294133 1.8154391 1.981467 126.78862 252.91678
15 2.5782943 1.9806782 1.8969265 1.8703251 1.8560385 2.0097814 2.0092325 1.9426703
16 2.6375787 2.0262218 1.9405442 1.9133315 337.62924 2.0395777 2.0390203 1.9714698
17 2.4171665 1.8569057 1.7783959 1.7534652 1.7400795 2.4288702 2.428217 2.3477817
18 2.4171684 1.8569072 1.7783974 1.7534666 1.740081 2.4288929 2.4282396 2.3478034
19 2.4172657 1.4746927 1.4123276 1.3925148 1.3818717 1.9288694 1.9283346 1.8644441
20 2.278633 1.4214269 1.3613148 1.3422179 1.3319596 1.8592012 1.8586869 1.7971053
21 2.278633 1.4214269 1.3613148 1.3422179 1.3319596 1.8592012 1.8586869 237.31027
22 2.0891452 1.3486439 1.2916102 1.2734916 1.2637594 1.764006 1.7635198 1.7050928
23 2.1922178 1.4403241 120.044914 1.3600849 1.3496872 1.8839185 1.8834001 120.48478
24 2.2466428 1.7258929 143.84691 1.6297677 1.6173184 2.257496 2.2568865 144.37813
25 2.3545952 1.8088356 1.7323561 1.7080928 301.40945 2.3660035 2.365365 2.2870097
26 98.442924 1.7795892 1.7044433 1.6806046 1.6677847 2.3280613 2.327432 2.2503297
27 2.488149 1.9111999 1.8304918 1.8048853 1.7911118 2.0477753 2.047217 261.37817
28 319.19443 1.9111297 159.3106 1.8048906 1.7911172 2.0477633 2.047205 130.96144
29 318.15988 1.9049319 158.79366 1.7990307 1.7852988 2.039638 2.039077 130.44122
30 2.5671122 1.971772 1.8885388 1.8621559 1.847942 265.49783 2.078917 2.01004
31 2.458146 1.8880756 1.8083751 1.7831118 1.7695017 2.0178273 2.017022 1.9501959
32 2.7801418 2.1353993 2.0452602 2.0166886 355.87747 2.1831312 2.182259 2.1099567
33 2.5339642 1.9463115 1.8641533 1.8381113 1.8240815 2.0464444 2.0456276 261.17474
34 2.3842168 1.8312937 1.7539923 1.7294909 1.7162924 1.9656262 1.9648452 250.86134
35 2.451516 1.882986 156.9645 1.7783355 1.7647583 2.0111837 2.0103848 128.60664
36 2.3478532 1.8033626 1.7272402 1.7031368 1.6901333 1.9500649 1.9492904 1.8847123
37 146.7122 1.7527084 1.6787549 1.6553378 146.07468 1.9228575 1.922092 1.8584121
38 138.67953 1.6566128 276.1509 1.5646825 1.5527457 1.8489076 1.8481715 1.7869401
39 136.68982 1.6328443 272.18878 1.5422328 1.5304673 1.8333559 1.8326263 1.7719098
40 268.97162 1.610168 1.542316 1.5208536 1.5092567 1.8185703 1.8178463 232.08978
41 242.96971 1.4545668 121.26588 1.3738273 1.3633511 1.7000762 1.6993997 108.710464
42 120.248924 1.4365599 1.375944 1.3567497 1.3463947 1.695694 1.6950197 1.6388645
43 1.9010564 1.4601208 243.37695 1.3789827 1.3684624 1.7071842 1.7065054 1.6499684
44 1.9147204 1.4706156 245.12625 1.3888946 1.3782985 1.7104914 1.7098109 1.6531645
45 1.8490624 1.4201859 1.360261 1.3412665 1.3310343 1.674278 1.6736122 1.6181653
46 245.20955 1.4681515 1.406176 1.3865312 1.3759488 1.7071813 1.7065027 1.6499668
47 1.8227181 1.4000075 233.34778 1.3221567 1.3120698 1.6567749 1.6561161 1.601249
48 1.8355803 1.409887 77.51059 1.3314681 77.48168 1.6607475 1.6600865 70.16964
49 1.8740876 1.4394643 79.13666 1.3594005 79.10713 1.6800973 1.6794288 70.987206
