1 347
2 421
3 608
4 782
5 930
6 992
7 1155
8 1250
9 1325
10 1438
11 1617
12 1880
13 2380
14 2880
15 3380
16 3880
17 4380
18 4880
19 5380
20 5880
21 6380
22 6880
23 7380
24 7880
25 8380
26 8758
27 9037
28 9169
29 9669
30 10169
31 10669
32 11169
33 11669
34 12169
35 12669
36 13169
37 13374
38 13584
39 13783
40 13981
41 14178
42 14464
43 14769
44 15129
45 15248
46 15748
47 16248
48 16748
49 17248
50 17748
51 18248
52 18748
53 19248
54 19748
55 20248
56 20748
57 21248
58 21748
59 22248
60 22748
61 23248
62 23748
63 24248
64 24748
65 25248
66 25748
67 26248
68 26748
69 27248
70 27748
71 28248
72 28748
73 29248
74 29748
75 30248
76 30748
77 31248
78 31748
79 32248
80 32748
81 33248
82 33748
83 34248
84 34748
85 35248
86 35639
87 35826
88 36326
89 36463
90 36783
91 36784
92 36785
93 36786
94 37286
95 37786
96 38286
97 38786
98 39286
99 39786
100 40286
